143 143 143 144   0 128 143 143 143 143   0   0   0   0   0   0
143 143 143 143   0 143 143 144 144 144   0   0   0   0   0   0
143 141 141 143   0 143 143   0   0   0   0   0   0   0   0   0
143   0   0 143   0 153 143   0   0   0   0   0   0   0   0   0
143   0   0 143   0 153 143   0   0   0   0   0 142   0 142   0
143   0   0 143   0 138 143   0   0   0   0 143 143 142 143 144
143 128 128 143   0 138 143 128 128 128   0 143   0 143   0 143
143 143 143 143   0 138 143 143 143 143   0 143   0 143   0 143
143 143 143 143   0 138 143 142 142 142   0   0   0 144   0 142
143 128 128 143   0 138 143   0   0   0   0   0   0 144   0 142
143   0   0 142   0 138 143   0   0   0   0   0   0 144   0 142
143   0   0 144   0 138 143   0   0   0   0   0   0 144   0 142
143   0   0 143   0 138 143   0   0   0   0   0   0 144   0 142
143 141 141 143   0 138 143   0   0   0   0   0   0 144   0 142
143 143 143 143   0 138 143 144 144 144   0   0   0 144   0 142
143 143 143 140   0 138 143 143 143 143   0   0   0 144   0 142
101 101 101  98   0 128 101 101 101 101   0   0   0   0   0   0
101 101 101 101   0 100 101 102 102 102   0   0   0   0   0   0
101 100 100 101   0 101 101   0   0   0   0   0   0   0   0   0
101   0   0 101   0 102 101   0   0   0   0   0   0   0   0   0
101   0   0 101   0 102 101   0   0   0   0   0 101   0 101   0
101   0   0 101   0  96 101   0   0   0   0 101 101 100 101 101
101  96  96 101   0  96 101  96  96  96   0 101   0 101   0 101
101 101 101 101   0  96 101 101 101 101   0  99   0 101   0 101
101 101 101 101   0  96 101 101 101 101   0   0   0 101   0  99
101  96  96 101   0  96 101   0   0   0   0   0   0 101   0  99
101   0   0 102   0  96 101   0   0   0   0   0   0 101   0  99
101   0   0 100   0  96 101   0   0   0   0   0   0 101   0  99
101   0   0 101   0  96 101   0   0   0   0   0   0 101   0  99
101 100 100 101   0  96 101   0   0   0   0   0   0 101   0  99
101 101 101 101   0  96 101 102 102 102   0   0   0 101   0  99
101 101 101 102   0  96 101 101 101 101   0   0   0 101   0  99
  0   0   0   0   0   0   0   0   0   0   0   0   0   0   0   0
  0   0   0   0   0   0   0   0   0   0   0   0   0   0   0   0
  0   0   0   0   0   0   0   0   0   0   0   0   0   0   0   0
  0   0   0   0   0   0   0   0   0   0   0   0   0   0   0   0
  0   0   0   0   0   0   0   0   0   0   0   0   0   0   0   0
  0   0   0   0   0   0   0   0   0   0   0   0   0   0   0   0
  0   0   0   0   0   0   0   0   0   0   0   0   0   0   0   0
  0   0   0   0   0   0   0   0   0   0   0   0   0   0   0   0
  0   0   0   0   0   0   0   0   0   0   0   0   0   0   0   0
  0   0   0   0   0   0   0   0   0   0   0   0   0   0   0   0
  0   0   0   0   0   0   0   0   0   0   0   0   0   0   0   0
  0   0   0   0   0   0   0   0   0   0   0   0   0   0   0   0
  0   0   0   0   0   0   0   0   0   0   0   0   0   0   0   0
  0   0   0   0   0   0   0   0   0   0   0   0   0   0   0   0
  0   0   0   0   0   0   0   0   0   0   0   0   0   0   0   0
  0   0   0   0   0   0   0   0   0   0   0   0   0   0   0   0

  0   0   0   0   0 144 143 143 142 142 142 142 142 142 142 142
  0   0   0   0 142 143   0   0   0   0   0   0   0   0   0   0
  0   0   0   0   0 142 143 143 144 144 144 144 144 144 144 144
  0   0   0   0 142 143   0   0   0   0   0   0   0   0   0   0
  0   0   0   0   0 143 143 143   0   0   0   0   0   0   0   0
  0   0   0   0   0   0   0   0   0   0   0   0   0   0   0   0
143 144   0   0   0   0 128 143 142   0   0   0   0   0 144 143
143 144   0   0   0   0 128 143 142   0   0   0   0   0 144 143
143 144   0   0   0   0 128 143 142   0   0   0   0   0 144 143
143 143 143 143 143 143 143 143 143 143 143 143 143 143 143 143
128 143 143 153 153 138 138 138 138 138 138 138 138 138 138 138
  0   0   0   0   0   0   0   0   0   0   0   0   0   0   0   0
144 143 143 143 143 143 143 143 143 143 142 144 143 143 143 140
143 143 141   0   0   0 128 143 143 128   0   0   0 141 143 143
143 143 141   0   0   0 128 143 143 128   0   0   0 141 143 143
143 143 143 143 143 143 143 143 143 143 143 143 143 143 143 143
  0   0   0   0   0 101 101 101  99  99  99  99  99  99  99  99
  0   0   0   0 101 101   0   0   0   0   0   0   0   0   0   0
  0   0   0   0   0 100 101 101 101 101 101 101 101 101 101 101
  0   0   0   0 101 101   0   0   0   0   0   0   0   0   0   0
  0   0   0   0   0 101 101  99   0   0   0   0   0   0   0   0
  0   0   0   0   0   0   0   0   0   0   0   0   0   0   0   0
101 102   0   0   0   0  96 101 101   0   0   0   0   0 102 101
101 102   0   0   0   0  96 101 101   0   0   0   0   0 102 101
101 102   0   0   0   0  96 101 101   0   0   0   0   0 102 101
101 101 101 101 101 101 101 101 101 101 101 101 101 101 101 101
128 100 101 102 102  96  96  96  96  96  96  96  96  96  96  96
  0   0   0   0   0   0   0   0   0   0   0   0   0   0   0   0
 98 101 101 101 101 101 101 101 101 101 102 100 101 101 101 102
101 101 100   0   0   0  96 101 101  96   0   0   0 100 101 101
101 101 100   0   0   0  96 101 101  96   0   0   0 100 101 101
101 101 101 101 101 101 101 101 101 101 101 101 101 101 101 101
  0   0   0   0   0   0   0   0   0   0   0   0   0   0   0   0
  0   0   0   0   0   0   0   0   0   0   0   0   0   0   0   0
  0   0   0   0   0   0   0   0   0   0   0   0   0   0   0   0
  0   0   0   0   0   0   0   0   0   0   0   0   0   0   0   0
  0   0   0   0   0   0   0   0   0   0   0   0   0   0   0   0
  0   0   0   0   0   0   0   0   0   0   0   0   0   0   0   0
  0   0   0   0   0   0   0   0   0   0   0   0   0   0   0   0
  0   0   0   0   0   0   0   0   0   0   0   0   0   0   0   0
  0   0   0   0   0   0   0   0   0   0   0   0   0   0   0   0
  0   0   0   0   0   0   0   0   0   0   0   0   0   0   0   0
  0   0   0   0   0   0   0   0   0   0   0   0   0   0   0   0
  0   0   0   0   0   0   0   0   0   0   0   0   0   0   0   0
  0   0   0   0   0   0   0   0   0   0   0   0   0   0   0   0
  0   0   0   0   0   0   0   0   0   0   0   0   0   0   0   0
  0   0   0   0   0   0   0   0   0   0   0   0   0   0   0   0
  0   0   0   0   0   0   0   0   0   0   0   0   0   0   0   0

141   0 143   0 170 128 143 143 143 142 141 146 142 143 143 143
141   0 143   0 170 128 144 144 144 142 141 146 144 142 142 144
141   0 143   0 170 128   0   0   0 143 141 146 143 142 142 142
141   0 143   0 170 128   0   0   0 143 141 146 142   0   0 143
141   0 143   0 170 128   0   0   0 143 141 146 143   0   0 143
141   0 143   0 170 128   0   0   0 143 141 146 142   0   0 143
141   0 143   0 170 128   0   0   0 143 141 146 143 137 137 142
143   0 143   0 170 128 143 143 143 143 141 146 143 142 142 143
143   0 143   0 142 128 142 142 142 142 141 146 142 143 143 143
142  85 143   0 142 128 170 170 170 143 141 146 143 138 139 143
143 142 143 143 143 128   0   0   0 143 141 146 143   0   0 143
144 142   0 142 134   0   0   0   0 143 144  85 143   0   0 143
  0 255   0 128   0   0   0   0   0 143 139   0 143   0   0 143
  0   0   0   0   0   0   0   0   0 143 141 142 143 144 144 142
  0   0   0   0   0   0 144 144 144 142 142 142 143 142 143 144
  0   0   0   0   0   0 143 143 143 142 136   0 136 143 143 143
101   0 101   0  85   0 101 101 101 101  99 109 100 101 101 101
101   0 101   0  85   0 101 101 101 101  99 109 101 101 101 101
101   0 101   0  85   0   0   0   0 101  99 109 101 102 102 101
101   0 101   0  85   0   0   0   0 101  99 109 101   0   0 100
101   0 101   0  85   0   0   0   0 101  99 109  99   0   0 100
101   0 101   0  85   0   0   0   0 101  99 109 101   0   0 100
101   0 101   0  85   0   0   0   0 101  99 109 101  98  98 101
100   0 101   0  85   0 100 100 100 101  99 109 101 101 101 101
100   0 100   0  99   0 101 101 101 101  99 109 100 101 101 101
101  85 100   0 101   0  85  85  85 101  99 109 101  96  93 101
100 100 100 101 101   0   0   0   0 101  99 109 101   0   0 100
100  99   0 100  97   0   0   0   0 101  93  85 101   0   0 100
  0   0   0   0   0   0   0   0   0 101  93   0 101   0   0 100
  0   0   0   0   0   0   0   0   0 101  99  99 101 103 102 101
  0   0   0   0   0   0 100 100 100 101  99  85 101 100 101 101
  0   0   0   0   0   0 101 101 101 101 102   0  93 100 101 101
  0   0   0   0   0   0   0   0   0   0   0   0   0   0   0   0
  0   0   0   0   0   0   0   0   0   0   0   0   0   0   0   0
  0   0   0   0   0   0   0   0   0   0   0   0   0   0   0   0
  0   0   0   0   0   0   0   0   0   0   0   0   0   0   0   0
  0   0   0   0   0   0   0   0   0   0   0   0   0   0   0   0
  0   0   0   0   0   0   0   0   0   0   0   0   0   0   0   0
  0   0   0   0   0   0   0   0   0   0   0   0   0   0   0   0
  0   0   0   0   0   0   0   0   0   0   0   0   0   0   0   0
  0   0   0   0   0   0   0   0   0   0   0   0   0   0   0   0
  0   0   0   0   0   0   0   0   0   0   0   0   0   0   0   0
  0   0   0   0   0   0   0   0   0   0   0   0   0   0   0   0
  0   0   0   0   0   0   0   0   0   0   0   0   0   0   0   0
  0   0   0   0   0   0   0   0   0   0   0   0   0   0   0   0
  0   0   0   0   0   0   0   0   0   0   0   0   0   0   0   0
  0   0   0   0   0   0   0   0   0   0   0   0   0   0   0   0
  0   0   0   0   0   0   0   0   0   0   0   0   0   0   0   0

143 143 143 142 142 142 142 143 143 143 142 142 142 143 143 143
143 143 144   0   0   0 146 143 143 140   0   0   0 144 143 143
143 143 144   0   0   0 146 143 143 142   0   0   0 144 143 143
143 143 143 142 143 142 143 144 142 143 143 143 143 143 143 138
159 159 159 159 159 159 159 159 159 159 159 128   0 148 140 128
142 142 142 142 142 142 142 142 142 142 142 141 142 141 142 143
144 143 143 143 143 143 143 144 144 143 143 143 143 143 143 144
143 144   0   0   0   0   0 143 143 139   0   0   0   0 144 143
143 144   0   0   0   0   0 143 143 139   0   0   0   0 144 143
143 144   0   0   0   0   0 143 143 139   0   0   0   0 144 143
128 128 128 128 128 128 128 128 128 128 128 128   0   0   0   0
170 170 170 170 170 170 170 170 141 143 143 138   0   0   0   0
  0   0   0   0   0   0   0   0   0   0 143 143 170   0   0   0
143 143 143 143 143 143 143 143 143 144 142   0   0   0   0   0
  0   0   0   0   0   0   0   0   0 128 143 143 170   0   0   0
141 141 141 141 141 141 141 143 142 143 142 143   0   0   0   0
101 101 101 101 101 101 101 101 101 102 101 101 101 101 101 101
101 101 106   0   0   0 109 101 101  96   0   0   0 106 101 101
101 101 106   0   0   0 109 101 101  96   0   0   0 102 100 101
102 101 101 100 101 101 101 101 100 101 101 101 101 101 102 102
 96  96  96  96  96  96  96  96  96  96  96 128   0  94 102 128
100 100 100 100 100 100 100 100 100 100 100  97 113 100  99  96
101 101 101 101 101 101 101 101 101 101 101 101 101 101 101 101
101 101   0   0   0   0   0 101 101  93   0   0   0   0 101 101
101 101   0   0   0   0   0 101 101  93   0   0   0   0 101 101
101 101   0   0   0   0   0 101 101  93   0   0   0   0 101 101
 64  64  64  64  64  64  64  64  64  64  64 128   0   0   0   0
 85  85  85  85  85  85  85  85  99 101 101  96   0   0   0   0
  0   0   0   0   0   0   0   0   0   0 101 100  85   0   0   0
101 101 101 101 101 101 101 100 101 101 102   0   0   0   0   0
  0   0   0   0   0   0   0   0   0 128 101 101  85   0   0   0
102 102 102 102 102 102 102 101 101 101 101 102   0   0   0   0
  0   0   0   0   0   0   0   0   0   0   0   0   0   0   0   0
  0   0   0   0   0   0   0   0   0   0   0   0   0   0   0   0
  0   0   0   0   0   0   0   0   0   0   0   0   0   0   0   0
  0   0   0   0   0   0   0   0   0   0   0   0   0   0   0   0
  0   0   0   0   0   0   0   0   0   0   0   0   0   0   0   0
  0   0   0   0   0   0   0   0   0   0   0   0   0   0   0   0
  0   0   0   0   0   0   0   0   0   0   0   0   0   0   0   0
  0   0   0   0   0   0   0   0   0   0   0   0   0   0   0   0
  0   0   0   0   0   0   0   0   0   0   0   0   0   0   0   0
  0   0   0   0   0   0   0   0   0   0   0   0   0   0   0   0
  0   0   0   0   0   0   0   0   0   0   0   0   0   0   0   0
  0   0   0   0   0   0   0   0   0   0   0   0   0   0   0   0
  0   0   0   0   0   0   0   0   0   0   0   0   0   0   0   0
  0   0   0   0   0   0   0   0   0   0   0   0   0   0   0   0
  0   0   0   0   0   0   0   0   0   0   0   0   0   0   0   0
  0   0   0   0   0   0   0   0   0   0   0   0   0   0   0   0
